496,321,559,572,adult,104
111,305,185,486,adult,106
377,418,475,868,adult,105
